0.685731132075 0.65625
0.670695754717 0.5703125
0.680031446541 0.595486111111
0.684257075472 0.604166666667
0.687382075472 0.583333333333
0.686320754717 0.592881944444
0.682614555256 0.571428571429
0.681087853774 0.565104166667
0.682193396226 0.564814814815
0.684080188679 0.572395833333
0.684123070326 0.574337121212
0.681947720126 0.580295138889
0.683508708273 0.579326923077
0.681477425876 0.581845238095
0.679245283019 0.590625
0.676665683962 0.591471354167
0.676852108768 0.593137254902
0.67839360587 0.594039351852
0.679524577954 0.585800438596
0.678744103774 0.593229166667
0.679891060198 0.599702380952
0.680210120069 0.601325757576
0.680860336341 0.595335144928
0.681210691824 0.598741319444
0.681132075472 0.602083333333
0.681943940493 0.605969551282
0.682586477987 0.605902777778
0.683562163073 0.599888392857
0.682701691607 0.604166666667
0.682272012579 0.607118055556
0.683201460743 0.601814516129
0.682561910377 0.6015625
0.682479273871 0.600063131313
0.683147197558 0.603400735294
0.682597708895 0.603720238095
0.683700209644 0.60228587963
0.68418536461 0.602336711712
0.683357125124 0.604440789474
0.684446057088 0.605235042735
0.684345518868 0.605729166667
0.684580648873 0.605818089431
0.684832659479 0.60689484127
0.685936814392 0.606710271318
0.686293953688 0.60771780303
0.686189727463 0.605439814815
0.686384844135 0.604166666667
0.686220393416 0.604609929078
0.686713836478 0.604709201389
0.687114940316 0.605654761905
0.686992924528 0.605
